0	0
1	1
1	2
2	3
3	4
4	5
4	6
4	7
5	8
6	9
7	10
8	11
9	12
10	13
11	14
11	15
11	16
11	17
12	18
12	19
13	20
13	21
13	22
14	23
15	24
16	25
17	26
18	27
18	28
18	29
18	30
19	31
20	32
21	33
22	34
23	35
24	36
25	37
26	38
27	39
28	40
29	41
29	42
30	43
31	5
31	6
31	7
32	44
33	45
34	46
35	47
36	48
36	49
37	50
38	51
39	52
40	53
41	54
41	55
42	56
43	57
44	58
44	59
44	60
44	61
44	62
45	63
45	64
45	65
46	66
47	67
47	68
47	69
48	70
48	71
48	72
48	73
49	74
50	75
51	76
52	77
52	78
52	79
53	80
53	81
54	82
55	83
56	84
57	85
58	86
58	87
58	88
58	89
59	90
59	91
60	92
61	93
61	94
62	95
63	97
63	98
63	99
63	100
63	101
64	102
64	103
65	104
66	105
67	106
67	107
68	108
68	109
68	110
69	111
70	112
71	113
71	114
72	93
73	115
73	116
74	117
75	119
75	120
75	121
75	122
75	123
76	124
77	125
77	126
78	127
78	128
78	129
79	130
79	131
79	132
80	133
80	134
81	135
82	136
82	137
83	138
84	139
85	140
85	141
85	142
86	53
87	143
88	144
88	145
88	146
88	147
88	148
88	149
89	150
90	151
90	152
91	154
92	155
93	156
94	157
95	158
95	159
96	160
96	161
96	162
97	163
98	164
98	165
99	166
99	167
100	168
100	169
100	170
100	171
100	172
100	173
101	174
101	175
101	176
101	177
101	178
102	179
102	180
102	181
103	182
104	183
105	184
106	185
107	186
108	187
109	188
110	189
110	190
110	191
110	192
110	193
111	194
111	195
111	196
112	197
112	198
113	93
113	199
114	36
114	200
115	201
116	202
116	203
117	204
118	205
119	206
120	207
121	208
121	209
121	210
121	211
121	212
121	213
122	214
122	215
122	216
122	217
123	1
123	218
124	219
124	220
124	221
124	222
125	223
125	224
126	225
127	201
128	226
129	227
129	228
129	229
130	230
130	231
131	232
131	233
132	234
133	235
133	140
133	142
134	236
135	237
135	238
135	239
136	240
137	241
138	242
139	243
139	244
140	245
141	246
141	247
142	248
142	249
143	250
143	251
144	252
145	253
145	254
146	32
147	255
147	256
147	257
148	258
148	259
149	260
149	261
150	262
150	263
151	264
152	265
153	266
154	267
155	268
156	269
156	270
156	271
157	272
157	273
158	274
159	275
160	276
161	277
162	278
162	279
162	280
162	281
163	282
163	283
163	284
163	285
163	286
164	287
164	288
165	289
166	290
166	291
166	292
167	293
168	294
168	295
168	296
169	297
170	298
170	299
170	300
171	301
171	302
172	303
172	304
173	305
173	306
173	307
174	308
175	309
175	310
175	311
175	312
175	313
175	314
176	315
177	316
178	317
178	318
179	319
179	320
179	321
180	94
181	322
182	323
183	324
183	325
184	326
185	327
185	328
185	329
186	330
186	331
187	332
188	333
188	334
188	335
188	336
188	337
188	338
189	339
189	340
190	341
191	342
192	343
193	344
194	345
194	346
194	347
195	348
195	349
195	350
196	351
197	352
198	353
198	354
199	355
200	356
200	357
201	358
202	359
203	360
203	361
203	362
204	363
205	364
205	365
206	366
207	367
208	368
209	369
210	370
211	371
211	372
211	373
211	374
212	375
213	376
214	377
214	378
215	379
216	380
217	381
217	382
218	383
218	384
218	385
219	386
220	387
220	388
220	389
221	390
222	391
223	392
223	393
224	394
225	395
226	396
226	397
227	398
227	399
227	400
228	401
228	402
229	403
229	404
230	405
231	406
232	407
232	408
232	409
232	410
232	411
233	412
233	286
233	413
234	414
235	415
236	416
236	417
237	418
238	419
238	420
239	421
239	422
239	423
240	424
240	425
240	426
241	427
241	428
241	429
241	430
242	431
242	432
242	433
242	434
242	435
242	306
243	436
243	437
244	438
244	439
245	440
246	441
247	442
248	324
248	250
248	443
249	444
250	445
250	446
250	447
251	448
251	449
252	93
253	450
254	451
254	452
254	453
255	240
255	454
256	455
257	456
257	457
257	458
257	459
257	460
258	461
258	462
258	463
258	464
258	465
258	466
259	467
260	418
261	468
261	469
262	470
263	471
264	472
265	473
265	474
265	475
266	476
266	477
266	478
266	479
267	480
268	481
269	482
270	483
271	484
272	485
273	486
274	487
274	488
275	489
275	490
276	491
276	492
276	493
277	494
278	495
278	496
279	497
280	498
281	499
281	500
282	501
282	502
282	503
282	504
282	505
282	506
282	507
282	508
283	509
284	103
285	510
286	511
287	512
287	513
288	514
289	382
289	381
290	515
291	516
292	517
293	518
294	519
294	520
295	521
295	522
295	523
295	524
296	525
296	526
297	527
298	419
298	420
298	528
299	2
300	529
300	530
301	531
301	532
301	533
301	534
301	535
302	536
303	537
303	538
303	539
304	540
304	541
304	542
305	543
305	544
306	545
307	546
308	547
309	548
310	549
310	550
311	551
311	552
311	553
311	554
312	296
312	294
313	555
314	556
314	557
314	558
315	559
315	560
315	561
316	399
317	150
318	562
318	563
319	564
320	565
321	566
321	567
322	568
322	569
322	570
323	571
323	572
323	573
323	574
324	575
324	576
325	577
325	578
326	579
326	410
326	580
327	581
327	582
328	583
329	584
330	150
331	585
332	586
333	587
334	435
334	588
334	589
335	26
336	590
337	591
338	592
339	593
339	594
340	595
341	596
341	597
342	598
342	599
342	21
342	600
343	601
343	602
343	603
343	604
343	605
343	606
343	607
344	608
345	609
346	610
347	2
348	611
349	35
350	612
350	42
350	613
350	614
351	615
352	616
353	617
353	618
353	619
353	620
353	621
354	622
354	623
354	624
354	625
355	626
356	627
357	628
357	629
358	630
358	631
359	632
359	633
359	634
360	372
360	635
360	636
361	637
361	1
361	638
362	639
363	640
363	641
363	182
364	642
364	643
364	644
365	645
365	646
365	647
366	648
366	649
366	650
367	651
367	652
368	653
369	654
370	655
371	656
371	657
372	658
373	659
374	660
375	661
375	662
376	158
377	663
377	664
378	665
378	666
379	667
379	668
380	669
380	670
380	671
380	672
381	673
381	674
381	675
381	676
381	677
381	678
382	679
383	680
383	681
383	682
384	683
384	684
384	685
385	559
386	686
387	498
388	687
389	688
390	689
390	690
390	691
390	692
391	693
392	694
392	695
393	696
394	697
395	651
395	698
395	699
396	700
396	701
397	702
398	703
398	704
399	705
399	706
399	707
400	198
400	197
401	708
401	182
401	163
402	709
403	710
403	711
403	712
403	713
403	714
403	715
403	716
403	717
404	718
404	719
405	720
406	721
407	722
408	631
409	723
410	490
410	724
410	725
411	726
412	407
412	409
413	727
413	728
413	612
413	729
414	730
414	731
414	732
414	733
414	734
414	735
415	736
415	737
415	738
416	739
416	740
417	741
418	742
418	743
419	744
420	745
420	746
420	747
420	748
421	749
421	750
421	751
422	752
423	753
423	754
423	755
424	756
424	757
425	758
425	759
426	760
426	761
427	182
428	762
429	763
430	764
431	765
431	766
432	767
433	768
434	769
434	770
435	771
436	772
436	773
437	774
438	699
438	698
438	775
438	651
439	776
440	777
441	778
442	779
442	780
442	781
443	782
444	438
444	783
444	784
445	38
446	785
447	786
447	787
448	788
448	789
448	790
448	791
449	792
450	793
450	794
450	795
451	796
452	797
452	798
452	799
452	800
452	801
452	802
453	803
454	804
454	805
455	806
455	807
456	808
456	809
457	810
457	811
458	286
459	440
460	812
460	813
461	814
462	815
462	816
462	817
463	115
463	116
463	818
464	614
464	819
465	820
466	762
467	821
467	822
468	823
468	824
469	825
470	826
470	827
471	828
471	829
472	830
472	831
472	832
472	833
473	834
473	835
474	836
474	837
474	838
475	839
475	840
475	841
476	842
476	843
477	702
478	835
478	844
479	845
479	846
480	847
480	848
480	849
481	850
482	851
483	852
484	101
484	853
484	230
484	231
485	854
486	855
487	856
487	857
487	858
487	859
487	860
488	861
489	862
490	863
491	154
492	864
493	865
494	866
495	234
496	867
496	868
496	869
496	870
497	871
498	813
498	872
498	873
498	874
499	764
500	875
501	308
501	876
501	877
502	878
502	879
502	880
503	881
504	882
505	883
506	884
507	885
508	886
509	887
509	888
510	595
511	889
511	890
512	799
512	891
512	892
512	893
512	894
513	895
514	678
515	896
515	897
515	898
515	899
516	900
517	901
518	902
519	903
519	904
520	905
521	906
521	907
522	908
523	909
523	599
523	910
524	123
524	911
525	912
526	913
526	914
527	915
528	916
528	917
529	918
529	919
530	920
531	921
531	922
531	923
531	924
532	925
532	926
532	927
532	928
532	929
533	930
533	931
533	932
533	933
533	934
534	935
535	936
535	937
536	938
536	939
536	940
536	941
537	942
538	943
538	944
538	945
538	946
538	947
538	948
539	949
539	950
540	951
541	952
542	953
543	954
543	955
543	956
544	957
544	958
544	959
544	960
544	961
545	962
546	963
547	964
548	965
549	966
550	968
550	969
551	970
552	971
552	972
552	973
552	974
553	975
554	977
555	978
556	979
557	980
558	981
559	870
560	982
561	721
562	984
562	985
562	986
562	44
563	987
563	988
564	150
565	989
565	990
566	991
567	992
568	993
569	994
570	995
570	996
570	997
571	998
572	865
573	999
574	1000
574	1001
574	1002
575	1003
575	1004
576	1005
576	1006
577	1007
577	1008
577	1009
578	1010
579	1011
580	1012
580	1013
581	1014
581	1015
581	1016
582	1017
583	1018
584	1019
584	1020
585	1021
585	93
585	1022
586	1023
586	1024
587	1025
587	1026
587	1027
587	1028
587	1029
588	1030
588	1031
588	1032
588	574
589	1033
590	1034
590	1035
591	517
591	1036
592	1037
593	1038
594	1039
594	1040
595	1041
595	1042
596	483
597	1043
598	1044
598	1045
599	972
600	1046
601	1047
602	1048
602	1049
603	305
604	1051
605	1052
605	1053
606	1020
607	1054
608	803
609	1055
610	1056
611	1057
612	1058
612	1059
613	1060
613	1061
614	1062
615	1063
615	1064
615	707
615	1065
615	282
615	285
615	1066
616	681
616	1067
616	1068
616	1069
617	1070
618	1071
619	1072
620	1073
621	1074
621	1075
622	1076
622	1077
622	1078
622	1079
622	1080
622	119
622	1081
623	1082
624	1083
624	1084
624	1085
625	1086
626	1087
626	1088
627	1089
627	1090
627	1091
628	346
629	994
630	1092
630	1093
630	1094
630	1076
631	855
632	1095
632	1096
633	1097
634	1098
635	1099
635	1100
635	1101
636	1102
637	774
637	1103
638	1104
639	1105
639	599
640	1107
641	1108
641	1109
641	1110
642	490
643	1111
644	1112
644	1113
644	1114
644	1115
645	1116
646	1117
647	1118
648	1119
648	1120
648	1121
648	1122
648	1123
648	1124
649	609
650	1125
651	514
652	1126
652	1127
652	1128
653	66
654	1129
654	1130
655	1131
655	1132
656	39
657	1133
658	1134
659	1135
660	319
660	320
661	958
661	957
662	1136
662	1137
663	662
664	1138
664	1139
665	1140
665	1141
665	1142
666	197
666	198
667	1143
668	1144
669	1145
669	1146
669	1147
670	1148
670	1149
671	1150
672	1151
673	358
673	1152
674	1153
675	1154
675	1155
676	1156
677	1157
677	1158
678	244
678	1084
678	243
678	1083
679	363
680	1159
680	1160
681	1161
681	1162
682	820
682	1163
683	1164
684	1165
684	1166
684	1167
684	1168
685	1169
685	126
685	1109
686	1170
687	1171
687	1172
687	1173
688	1174
688	1175
689	1176
690	1177
691	1178
691	1179
692	937
693	1180
694	1181
695	1182
695	1183
696	776
697	1184
698	118
698	1185
699	1186
699	1187
700	855
701	1188
702	1189
703	1190
704	1191
705	1192
705	1193
705	1194
706	1
707	1195
707	1196
708	358
708	1008
708	1197
709	1198
709	1199
709	1200
709	1201
709	1202
710	1203
710	1204
710	1205
711	1206
712	1207
713	1208
714	836
715	1209
715	1210
715	1211
716	1212
716	1213
717	1214
717	1215
717	1216
717	1217
717	1218
718	1219
718	1220
718	453
719	1221
719	1222
720	1223
721	1224
721	1225
722	1226
723	1227
723	1228
723	1229
724	1230
725	1231
726	1232
726	1233
727	1234
728	1235
728	690
728	1236
728	1237
728	1238
729	608
730	1239
731	1240
732	1241
732	1242
733	1243
733	1244
734	1245
735	1246
735	1247
735	1248
735	1249
736	234
737	1250
738	1251
738	1252
738	1253
738	1254
739	131
739	1255
740	1256
741	1257
742	1258
743	1259
743	1260
743	259
744	1261
744	1262
745	1263
746	254
747	1264
748	702
749	1265
750	1266
751	1267
752	1268
752	1269
753	1270
753	1271
753	1272
753	1273
754	1274
755	1275
756	248
756	249
757	1276
757	281
757	1277
757	1278
758	1279
759	1280
759	103
760	437
760	436
761	63
761	1281
761	402
761	354
762	1282
762	1283
762	1284
763	1285
764	1286
764	1287
764	736
765	1288
765	1289
765	1290
765	1291
766	515
767	163
767	182
768	402
769	1292
770	1293
771	1294
771	1295
771	1296
771	1297
772	703
772	704
773	1298
773	1299
774	1300
774	342
775	1301
775	1302
776	636
776	1303
777	1304
777	1305
778	153
779	1306
780	1307
781	1308
781	1309
781	1310
782	34
783	1311
784	1312
785	492
785	305
785	1313
786	1314
787	370
788	1315
788	442
788	1316
788	1317
789	1318
789	1319
790	1320
790	1321
790	1322
790	1323
790	1324
790	1325
790	1326
791	1327
791	1328
792	231
792	230
792	1329
793	1330
794	1331
794	1332
794	1333
794	1334
795	1335
796	492
796	1336
796	307
797	1337
798	1338
798	1339
799	1340
800	1341
801	1342
802	1343
803	51
803	1344
804	1345
804	1346
805	1347
805	862
805	1348
805	1349
806	1350
807	1351
808	1352
809	1353
809	1354
809	1355
810	1356
811	1357
812	1358
813	1359
814	1360
815	1361
816	1362
817	6
817	605
817	1363
818	1364
818	1365
818	1366
819	1367
820	1368
820	1369
821	98
821	1370
821	1371
821	1372
822	1373
823	1374
823	1375
824	1376
824	1377
824	1378
825	1379
826	277
827	1380
828	608
829	1381
829	1382
829	1383
830	1384
831	1385
832	1386
832	1387
832	1388
832	1389
832	1390
832	620
833	1391
834	1392
835	1393
835	1222
836	358
836	1394
836	1395
837	1396
837	1397
838	556
838	558
838	557
839	1399
840	1400
841	1401
841	1402
842	1403
843	1170
844	1177
845	1143
846	1404
846	1405
847	1406
848	1407
849	1408
850	1409
850	859
851	1410
852	1411
853	1412
854	1413
855	1414
855	1415
855	1416
855	1417
856	1280
857	1418
858	1419
859	1420
860	1421
861	1422
861	1423
861	1424
862	1425
863	1426
863	1427
864	1428
865	1429
865	1430
866	1431
867	1432
868	1433
868	1434
868	99
869	1435
869	1436
870	1437
871	1438
871	1439
872	155
873	1440
874	1441
874	1442
874	1443
874	1444
874	1445
875	1446
876	1447
877	1448
878	137
879	992
880	1449
880	1450
880	1451
881	1452
881	1453
881	1454
882	1455
883	1456
884	1457
884	1458
884	1459
885	1460
886	1461
886	1462
887	1463
888	1464
889	1465
890	1466
890	1286
890	1467
891	308
892	223
892	224
893	1468
893	1469
894	1470
894	1471
895	931
895	930
895	1472
896	1473
896	1345
896	846
897	166
898	1474
898	1475
899	1476
900	1477
901	1478
901	1479
902	1480
903	1481
904	1482
905	1483
905	1484
906	921
906	1485
906	1486
907	1487
907	1488
907	1489
908	1491
908	1492
908	1493
909	1494
909	1495
910	891
910	1496
911	1497
911	1498
911	1499
911	1500
912	1501
913	1502
914	1503
915	1446
915	637
916	1504
917	1505
917	1506
917	1507
917	1508
918	1509
919	1510
919	1511
919	1512
919	1513
919	1514
920	201
921	1515
921	1516
921	1517
922	1519
923	1520
924	1521
925	1522
925	1523
926	1524
926	1525
927	1526
927	137
928	1527
928	1528
929	1529
929	1530
929	1531
930	907
930	1532
930	1533
931	370
932	1534
932	1535
933	907
933	168
933	1536
933	1537
934	1538
935	277
936	1539
936	1540
937	1541
937	728
938	1542
939	1543
940	1544
941	1545
942	56
942	1546
943	1547
944	1548
945	1549
946	1502
947	558
947	66
947	492
947	556
947	557
947	1336
948	1550
949	249
949	248
950	1551
951	1552
951	1107
951	1553
952	1554
953	328
954	1555
954	321
954	1310
954	1262
955	1556
955	1557
956	1558
957	1559
957	1560
958	1561
958	1562
958	34
958	1563
958	1564
959	662
960	493
960	1565
960	452
961	1566
962	1567
962	1568
963	1569
964	736
964	1287
965	1570
966	806
966	297
967	407
968	1571
968	1572
968	1573
969	1574
970	1575
971	1144
971	1576
972	1577
973	337
973	845
973	169
974	1579
975	1580
975	1581
975	1582
976	1583
976	1395
976	1584
977	1385
978	1585
978	1036
979	1586
979	1587
979	1588
979	1589
980	1590
980	1418
981	627
982	1591
983	1260
984	1592
985	891
985	1593
986	1594
986	1595
987	1596
988	483
989	1597
989	1598
990	1255
991	1599
992	1600
992	1601
992	1602
993	329
994	1603
995	1604
996	1605
997	1452
997	11
997	1606
997	1607
997	1248
998	1608
998	1609
999	823
1000	1610
1001	1611
1002	1612
1003	1613
1004	937
1004	1614
1005	1615
1005	1616
1005	1617
1006	1618
1006	1619
1007	1620
1008	1621
1008	1622
1009	1623
1010	1624
1011	1051
1012	1625
1012	1626
1013	1627
1013	1628
1014	1629
1015	1630
1015	407
1015	409
1016	1631
1016	490
1017	1632
1017	1633
1017	1634
1017	1635
1017	1636
1017	1637
1018	259
1018	1578
1018	1638
1019	1639
1019	1640
1020	1641
1021	559
1022	1642
1023	1643
1023	344
1023	1644
1023	1645
1023	1646
1024	1163
1025	1647
1025	1648
1025	1649
1026	418
1027	1650
1028	1651
1029	1652
1029	1653
1029	1654
1030	1655
1031	1080
1032	1656
1033	328
1033	329
1034	1657
1034	1658
1035	1659
1035	1660
1036	1661
1036	1662
1037	1663
1037	1664
1038	271
1038	1665
1038	1295
1039	50
1039	302
1040	1666
1040	1667
1041	1213
1042	1668
1043	1669
1043	1670
1043	1671
1043	1672
1044	1673
1045	1674
1045	1675
1045	1676
1046	1245
1047	1677
1048	1678
1049	1679
1049	1225
1050	1680
1050	1681
1050	1682
1050	1683
1051	1684
1051	1685
1052	1686
1053	1346
1053	453
1053	451
1054	1687
1055	1688
1056	1689
1057	1690
1057	482
1058	1691
1059	1692
1059	1693
1059	1694
1059	1695
1059	1696
1059	1697
1059	1698
1060	1699
1061	1700
1062	1701
1062	1702
1062	1703
1063	1704
1063	1705
1064	32
1065	1706
1065	1006
1065	1005
1065	1707
1066	1708
1066	894
1067	1709
1067	1710
1068	1711
1069	1712
1070	1713
1071	1714
1071	1715
1072	1716
1072	521
1072	523
1072	1717
1073	1718
1073	1719
1074	483
1075	909
1075	599
1076	1720
1077	1721
1077	1722
1078	1723
1078	1724
1078	442
1079	1725
1079	1726
1080	172
1081	1280
1081	103
1082	1727
1083	1728
1084	1729
1085	1730
1085	1731
1085	1732
1085	1733
1085	1734
1086	1735
1087	1736
1088	21
1088	1737
1088	600
1088	1738
1088	22
1089	1739
1089	1462
1089	1740
1090	1072
1091	1741
1091	1742
1091	1743
1092	1744
1092	1745
1093	1043
1093	1716
1094	1746
1095	1747
1095	1748
1096	1750
1097	1751
1097	1752
1098	1753
1098	1754
1099	1755
1100	1756
1101	1757
1101	1758
1101	1759
1102	1036
1103	1760
1104	1537
1104	1536
1104	907
1105	1761
1106	1762
1106	955
1107	1763
1108	1764
1109	1330
1110	1045
1111	1765
1112	1766
1112	1767
1112	1768
1113	902
1114	1769
1114	1770
1115	741
1116	1771
1116	1772
1117	1072
1118	1773
1118	1774
1119	1402
1119	1401
1120	1485
1120	1486
1120	738
1121	1775
1122	329
1122	328
1123	1752
1123	1776
1124	1777
1124	1778
1124	1779
1125	1780
1126	1781
1126	1578
1126	1638
1127	1782
1128	1783
1129	1565
1129	1784
1129	1218
1129	1785
1129	1217
1129	1786
1130	1787
1131	1788
1132	1762
1132	955
1133	415
1134	1732
1134	1789
1135	1790
1136	1791
1136	1716
1136	1154
1137	1792
1138	1793
1138	1794
1138	1795
1139	1796
1139	1797
1139	1798
1139	1799
1140	1800
1141	1801
1141	1802
1141	1803
1141	1804
1142	294
1142	296
1143	400
1144	131
1145	1805
1146	1613
1147	182
1147	163
1147	1806
1147	708
1148	1807
1148	1808
1148	1809
1149	1810
1150	1811
1151	1812
1151	1813
1152	1814
1153	1545
1154	1815
1154	1816
1155	1817
1156	1412
1157	1818
1158	1819
1159	35
1159	1820
1160	1821
1160	1822
1161	1823
1161	1824
1161	1452
1161	1825
1162	1826
1162	1827
1162	1828
1163	1830
1164	1831
1165	1832
1165	1833
1166	1834
1166	1835
1167	1836
1167	1837
1168	1838
1169	1839
1169	1840
1170	1841
1171	186
1171	1533
1172	883
1173	1842
1174	1843
1174	1844
1174	1845
1174	1846
1174	1847
1175	1848
1176	1849
1177	483
1178	1596
1179	1851
1180	1852
1180	1853
1180	1854
1181	1855
1181	1856
1181	1857
1182	1859
1183	238
1184	1860
1184	1861
1185	1862
1185	1863
1186	1227
1186	409
1186	407
1186	137
1187	498
1188	992
1189	1864
1189	1865
1190	274
1190	1866
1190	1867
1191	492
1191	1868
1192	1869
1192	1870
1193	395
1194	1871
1195	1872
1195	1873
1196	1874
1196	1875
1197	1876
1198	1877
1199	1878
1199	1879
1200	755
1200	753
1200	1880
1201	1881
1202	834
1203	1882
1204	1883
1204	39
1204	1884
1205	1885
1205	1353
1206	277
1207	1886
1207	1887
1208	1888
1208	1889
1209	1890
1210	585
1211	1891
1211	1892
1211	140
1211	1893
1211	1894
1211	1080
1211	1895
1211	1896
1211	1897
1212	891
1213	1898
1214	1899
1215	1900
1215	378
1216	1603
1217	1901
1218	1902
1219	1859
1220	1903
1221	1904
1222	1905
1222	748
1222	1906
1223	1907
1224	112
1225	1908
1226	1909
1227	1910
1227	1911
1227	1912
1228	1913
1228	853
1228	1914
1229	1915
1230	1916
1230	1917
1230	997
1231	1918
1231	1919
1231	1920
1231	1921
1232	1922
1232	1923
1233	380
1234	1924
1234	1925
1234	1926
1235	1927
1235	21
1236	1395
1237	1928
1237	91
1238	755
1239	1929
1240	1930
1240	1931
1240	1932
1241	845
1241	1933
1242	1934
1242	1935
1243	1936
1244	1937
1245	1938
1246	1865
1247	1939
1248	1940
1249	1941
1250	1942
1251	1776
1251	1398
1251	1943
1252	1944
1253	1945
1254	1946
1254	1947
1255	1948
1255	457
1255	1949
1256	976
1257	1950
1258	236
1259	1286
1259	907
1259	1951
1259	1952
1260	1953
1261	1954
1262	1955
1263	1956
1263	1957
1264	1958
1265	1959
1266	1960
1267	1961
1268	1962
1268	1963
1268	1964
1269	1098
1270	1967
1270	1968
1270	1163
1271	1699
1272	1436
1272	1849
1273	1969
1273	1970
1274	1971
1275	1500
1275	1497
1276	1972
1277	1973
1278	1974
1279	1975
1279	1976
1279	1977
1280	1978
1281	492
1281	1979
1281	1980
1281	1981
1281	1982
1282	1753
1283	702
1284	1983
1284	1984
1284	1985
1285	1986
1286	1987
1286	1988
1286	1989
1287	1990
1288	1991
1289	39
1289	1992
1289	1993
1290	402
1290	1994
1290	1995
1291	598
1292	1996
1293	1997
1294	1998
1295	702
1296	1999
1297	2000
1297	2001
1298	1762
1298	2002
1299	2003
1300	2004
1300	2005
1300	2006
1301	1653
1301	1654
1302	2007
1302	2008
1303	2009
1303	2010
1304	662
1305	2011
1306	56
1307	1461
1307	490
1307	1462
1308	442
1308	1723
1308	2012
1309	2013
1310	762
1311	2014
1311	943
1312	2015
1313	2016
1313	2017
1314	2018
1314	2019
1315	2020
1316	125
1316	111
1317	2021
1317	2022
1318	2015
1318	2023
1319	609
1320	2024
1320	955
1321	2025
1321	154
1322	2026
1323	1103
1323	774
1324	2027
1325	2028
1326	2029
1327	461
1327	2030
1328	2031
1328	2032
1328	2033
1329	2034
1330	2035
1331	1749
1332	509
1333	2036
1333	2037
1334	2038
1335	2039
1336	2040
1337	376
1338	36
1339	1286
1339	2041
1340	1731
1340	1730
1340	1734
1340	1732
1341	2042
1342	2043
1342	2044
1343	2045
1344	2046
1345	197
1345	198
1346	2047
1346	2048
1347	2049
1348	1367
1349	2050
1349	2051
1349	2052
1350	2053
1351	2054
1352	2055
1353	2056
1354	2057
1355	2058
1356	1841
1357	2059
1358	2060
1358	2061
1359	2062
1360	2063
1361	2064
1362	2065
1363	2066
1363	2067
1364	2068
1364	2069
1364	2070
1364	2071
1364	2072
1364	2073
1364	2074
1365	2075
1366	2076
1366	2077
1366	2078
1366	1080
1366	2079
1367	2080
1367	2081
1367	2082
1368	1835
1369	2083
1369	2084
1369	2085
1369	1140
1370	2086
1371	2087
1371	2088
1371	2089
1371	2090
1372	1080
1372	906
1373	2091
1374	2092
1375	2093
1375	2094
1376	2095
1377	2096
1377	2097
1378	2098
1379	626
1379	2099
1380	2100
1380	2101
1380	2102
1381	1231
1381	995
1381	1099
1381	2103
1382	2104
1383	2105
1383	2106
1384	2107
1385	2108
1385	2
1386	2109
1387	2110
1387	1050
1388	2111
1389	2112
1389	2113
1389	2114
1389	2115
1390	976
1391	2116
1392	2117
1392	2118
1392	2119
1392	2120
1392	2121
1393	1255
1394	2122
1394	2123
1394	2124
1394	2125
1395	1425
1396	170
1396	2126
1396	491
1397	2127
1398	2128
1398	2129
1399	2130
1400	2131
1401	2132
1402	2002
1403	2133
1403	2134
1403	2135
1404	116
1404	115
1405	2136
1405	2137
1405	2138
1405	1353
1405	2139
1406	2140
1407	2141
1407	2142
1408	548
1409	2143
1410	676
1410	678
1410	80
1411	2144
1412	1042
1412	1845
1412	2145
1412	2146
1413	2147
1413	2148
1413	2149
1413	161
1414	2150
1415	2151
1415	2152
1415	2153
1415	2154
1416	2155
1417	531
1417	442
1417	2156
1418	168
1418	1395
1419	329
1419	2157
1420	2158
1420	2159
1421	2160
1422	2161
1423	2162
1424	2163
1425	2164
1426	2165
1426	2166
1426	2167
1426	2168
1426	2169
1426	2170
1426	2171
1426	2172
1426	2173
1427	1066
1428	2174
1429	1094
1429	1684
1429	307
1429	2175
1430	2176
1431	2177
1432	2178
1433	1330
1434	2179
1435	2180
1435	342
1435	523
1435	1080
1435	358
1435	579
1435	521
1436	2181
1437	2182
1437	2183
1438	2184
1438	2185
1438	2186
1439	2187
1440	2188
1440	2189
1441	2190
1441	2191
1442	2192
1442	2193
1442	2194
1442	2195
1443	2197
1444	2198
1445	2199
1445	2200
1445	2201
1446	2202
1447	814
1448	1965
1448	804
1449	2203
1450	498
1451	2204
1452	50
1452	302
1453	370
1454	961
1455	1336
1455	492
1456	370
1457	2205
1458	39
1459	2206
1460	470
1461	1954
1461	2207
1462	2208
1462	2209
1463	1036
1464	1986
1464	2210
1465	2211
1466	2212
1467	2213
1468	2214
1468	2215
1468	2216
1468	2217
1469	2218
1469	2219
1470	615
1470	2220
1471	361
1472	2221
1472	1249
1473	2222
1473	2223
1474	2224
1475	8
1475	276
1476	259
1476	2225
1476	1260
1477	2226
1478	1272
1478	2227
1478	1970
1478	1270
1479	2228
1480	2229
1480	845
1480	2230
1480	2231
1481	2232
1481	967
1481	2233
1482	2234
1483	2235
1484	767
1485	2236
1486	1080
1486	1084
1486	2237
1487	1040
1488	1223
1489	2238
1490	2239
1490	347
1490	346
1491	1098
1492	150
1493	390
1494	2240
1494	2241
1494	2242
1495	1163
1496	702
1497	418
1498	2243
1498	169
1498	168
1499	2
1499	1954
1500	2244
1500	2245
1501	2246
1501	1230
1502	1841
1503	2247
1504	2187
1505	1351
1506	2248
1506	2249
1507	150
1508	286
1509	2250
1510	2251
1510	2252
1510	2253
1511	2254
1511	2255
1512	385
1513	511
1514	1358
1515	2256
1516	2257
1517	2258
1517	2259
1517	91
1518	163
1518	182
1519	2260
1520	2261
1521	1763
1522	2262
1522	2263
1522	1982
1522	2264
1522	2265
1522	2266
1522	2267
1522	1441
1522	2268
1523	2269
1524	2270
1524	2271
1524	2272
1525	403
1526	66
1526	2273
1527	21
1527	22
1527	600
1527	2274
1527	1883
1528	412
1528	2275
1529	807
1529	806
1530	2276
1531	2277
1532	774
1533	2278
1534	2279
1535	2280
1536	2281
1536	1574
1537	2282
1537	2283
1537	1072
1538	2284
1539	2285
1539	2286
1540	2287
1540	2288
1541	2289
1542	2290
1542	2291
1543	253
1543	248
1543	254
1543	249
1543	2292
1544	2293
1544	2294
1545	2295
1545	2296
1546	2213
1547	2297
1547	2298
1547	2299
1548	2300
1548	570
1548	2301
1549	855
1550	2302
1550	2303
1550	2304
1551	1949
1551	457
1552	2305
1553	2306
1554	347
1554	346
1554	345
1555	2307
1556	2308
1556	2309
1556	2310
1557	2311
1557	2312
1558	2313
1558	1988
1558	1987
1559	2314
1559	2315
1560	2316
1560	2317
1561	2318
1562	2319
1562	2320
1563	2321
1563	2322
1564	2323
1564	2324
1565	344
1566	2325
1567	2326
1568	259
1568	1260
1568	2327
1568	2328
1569	755
1570	2329
1570	2330
1571	327
1572	2331
1572	2332
1572	2333
1573	2334
1573	2335
1574	2336
1575	2337
1575	1610
1576	2338
1576	2339
1577	2340
1577	2341
1578	2342
1578	1888
1578	1889
1578	1629
1579	2343
1580	2344
1581	93
1582	2345
1583	2
1584	2346
1585	1578
1585	329
1586	2347
1587	2348
1588	2349
1588	2350
1589	1242
1589	2351
1590	261
1591	764
1592	681
1593	2352
1593	2353
1593	2354
1594	2355
1595	2356
1596	2357
1597	2358
1598	2359
1599	726
1600	2360
1600	2361
1600	1985
1600	2362
1601	363
1602	2363
1602	2364
1602	58
1603	93
1604	2365
1604	2366
1604	2367
1605	2368
1606	2039
1607	814
1608	2369
1608	1080
1609	1462
1609	66
1610	2370
1611	2371
1611	2372
1611	2373
1612	2374
1613	2375
1613	1029
1614	2376
1615	1189
1616	2377
1616	91
1617	2378
1617	2379
1618	2380
1618	2381
1619	1858
1620	2382
1621	2383
1622	2384
1623	2161
1624	2385
1625	1183
1625	1182
1626	2386
1627	2387
1627	290
1627	291
1628	2388
1628	2389
1628	2390
1628	2391
1629	2300
1629	2392
1629	2393
1629	1995
1629	570
1629	1994
1630	2394
1631	1971
1632	2395
1632	755
1632	1880
1632	753
1633	2396
1634	2397
1634	570
1634	2398
1634	2300
1635	2399
1636	2400
1637	2401
1637	2402
1638	2403
1639	1591
1640	2404
1641	527
1642	2370
1643	2405
1644	2364
1644	62
1644	60
1645	2406
1645	2407
1645	2408
1645	2409
1646	1410
1647	2410
1648	1042
1648	1092
1648	749
1649	2411
1650	2412
1650	136
1650	924
1650	922
1651	2413
1651	2414
1651	2415
1651	2416
1652	1306
1653	535
1653	1532
1653	2417
1653	97
1653	1099
1654	2418
1654	2419
1655	1072
1656	2120
1656	2420
1656	2252
1656	2121
1657	2421
1658	2422
1659	2423
1659	2424
1660	361
1660	360
1660	362
1660	291
1660	2425
1661	36
1662	2426
1663	2427
1664	2428
1665	2429
1665	2430
1666	651
1666	652
1667	2431
1667	2432
1667	2433
1668	1264
1669	2434
1670	2435
1670	2436
1671	702
1672	2437
1672	2438
1672	2439
1672	2440
1672	2441
1673	2442
1674	66
1675	2443
1676	2444
1676	1107
1677	826
1677	827
1678	1133
1679	2445
1679	2446
1680	2346
1681	2447
1681	2448
1682	976
1683	2449
1684	2450
1685	246
1685	247
1686	2451
1686	2452
1686	2131
1687	2453
1687	1716
1688	2454
1688	2455
1689	2456
1689	2457
1689	2458
1690	2459
1690	1997
1691	2460
1691	2461
1692	2462
1692	2463
1693	2464
1693	1249
1693	2465
1693	2466
1693	2467
1694	2468
1694	1152
1695	2469
1696	2471
1696	2472
1696	2473
1697	2474
1698	2475
1699	2476
1700	2477
1701	2478
1702	2479
1703	2480
1703	2481
1703	2482
1703	2483
1704	1360
1705	2484
1705	2485
1705	2486
1706	1401
1706	1402
1707	2487
1708	2488
1709	855
1710	1280
1711	2489
1711	2490
1712	2491
1713	2492
1714	2493
1715	125
1715	2494
1715	2495
1716	2496
1716	1
1717	2497
1718	2498
1719	2499
1719	2057
1719	2500
1720	2501
1721	2502
1722	2503
1723	627
1724	2504
1724	2505
1725	2506
1726	1887
1727	2507
1727	2508
1727	2109
1728	1613
1729	2509
1730	2510
1731	2511
1731	2512
1731	151
1732	150
1733	2513
1734	2514
1734	2515
1734	2516
1734	2517
1734	888
1735	2518
1735	2519
1736	2470
1737	2052
1737	2051
1737	2520
1737	2521
1738	2522
1738	2523
1738	2524
1739	2410
1740	2525
1740	2526
1741	2527
1742	2528
1743	2529
1744	2530
1744	2531
1745	2532
1746	2533
1747	2534
1747	853
1747	1914
1748	2535
1748	2536
1749	2537
1750	2538
1751	2539
1751	2540
1752	1066
1752	2541
1753	2542
1754	2543
1754	2544
1755	2545
1755	2546
1756	2547
1756	2548
1756	2549
1757	2550
1757	2551
1758	2552
1758	2553
1758	2554
1759	2127
1759	2555
1760	2556
1760	802
1761	2557
1762	107
1763	2558
1763	2559
1763	2560
1763	2561
1764	2562
1765	2563
1765	2564
1766	2565
1767	1203
1767	2566
1767	2567
1768	2568
1769	2569
1769	2570
1770	1996
1771	2571
1771	731
1772	2572
1773	1727
1773	2573
1774	2574
1774	383
1774	385
1774	2575
1775	585
1776	2576
1777	2577
1778	2578
1778	2579
1778	1336
1778	492
1779	2580
1779	2581
1780	2221
1780	1249
1781	2582
1782	2583
1782	1990
1783	2584
1783	2585
1783	2586
1784	2587
1785	1603
1786	441
1787	329
1788	2552
1788	548
1789	2588
1789	1475
1790	2589
1790	2590
1790	2591
1791	2592
1792	2593
1793	2594
1794	2595
1794	2596
1794	2597
1795	2598
1796	2599
1797	2600
1797	622
1797	937
1798	2601
1799	2602
1799	2603
1799	2604
1799	2605
1800	2606
1801	2607
1801	2608
1802	2609
1803	1006
1803	1005
1803	2610
1804	992
1805	2611
1805	2612
1806	2613
1806	2614
1806	2265
1807	93
1807	1022
1808	2615
1809	2616
1810	2617
1810	2618
1811	992
1812	2619
1813	2620
1814	2621
1814	2622
1815	2623
1816	2624
1816	1050
1816	1768
1816	1766
1817	2625
1818	2626
1818	492
1818	1684
1818	2627
1819	1718
1819	2628
1820	2629
1821	2630
1822	2631
1823	902
1824	2632
1824	2633
1824	2634
1825	2635
1825	2636
1825	2637
1825	2638
1826	2639
1827	2640
1827	2641
1827	2642
1828	2643
1829	2644
1830	2645
1831	2646
1832	2647
1832	244
1832	2648
1833	1619
1834	2649
1834	2650
1835	2651
1836	257
1837	1490
1837	2652
1838	2187
1839	2653
1840	2654
1841	1403
1842	2655
1842	218
1843	678
1843	2656
1843	2657
1843	2658
1843	676
1844	2659
1844	2660
1845	2661
1846	2662
1847	1533
1848	1134
1849	308
1850	2663
1851	2664
1851	2665
1852	2666
1852	2667
1853	2668
1854	2669
1854	836
1855	595
1856	2670
1856	2671
1857	2672
1858	2673
1858	2674
1859	2675
1859	2676
1859	2677
1859	2678
1860	1
1860	2679
1860	26
1861	34
1862	2680
1863	2681
1863	2682
1864	2273
1864	2683
1864	2684
1865	302
1866	2685
1867	656
1867	2686
1868	96
1868	1807
1869	2687
1869	2286
1869	2688
1870	2689
1871	2690
1871	2691
1872	2692
1872	2693
1872	451
1872	2694
1873	1756
1874	1481
1875	2695
1875	2102
1876	2696
1877	1829
1878	2697
1878	2698
1879	1395
1880	2699
1880	2700
1881	2701
1882	2702
1882	2703
1883	721
1883	2704
1884	2705
1884	2706
1884	2707
1885	2708
1886	2709
1886	2710
1886	2711
1886	2712
1887	383
1887	385
1888	1561
1888	1562
1889	514
1890	84
1891	2713
1892	1767
1892	1768
1893	2714
1894	400
1895	2715
1896	2056
1897	2716
1898	2717
1898	380
1899	418
1900	583
1901	2679
1902	2718
1902	2719
1902	2188
1902	2720
1903	2533
1904	2049
1905	2721
1906	2722
1906	845
1906	2229
1907	2723
1908	2477
1908	2724
1909	2725
1910	2726
1910	2570
1911	2727
1911	2728
1911	2729
1911	2730
1911	2731
1911	2732
1912	2733
1913	2734
1914	2735
1915	421
1916	2736
1917	2737
1917	2738
1918	2739
1918	2740
1919	2623
1920	2688
1921	2741
1922	1384
1922	2742
1923	2743
1923	2744
1924	2643
1925	2745
1925	2746
1926	2747
1927	2748
1928	846
1928	2749
1929	2750
1930	435
1930	63
1930	432
1931	822
1931	821
1932	2536
1932	2535
1933	559
1934	2426
1935	2751
1935	2752
1936	2753
1936	571
1936	573
1936	574
1937	370
1938	434
1938	402
1939	1134
1940	2754
1940	2755
1940	2756
1941	595
1942	2757
1943	895
1944	610
1945	1619
1946	2758
1947	2759
1948	2760
1949	150
1950	2761
1950	2762
1950	2763
1951	1427
1952	2764
1953	288
1954	2347
1955	2765
1955	2208
1956	2766
1956	2767
1957	2768
1957	2769
1958	2770
1958	2771
1959	2772
1959	492
1959	2773
1959	2774
1960	94
1961	2775
1961	2776
1962	2777
1962	2778
1962	2779
1963	2155
1964	2781
1964	2782
1964	2783
1964	2784
1964	2785
1964	2786
1965	2787
1966	2508
1967	2788
1967	2789
1968	886
1969	752
1970	2790
1971	2791
1972	2792
1972	2793
1973	2794
1974	2795
1974	2796
1975	2706
1975	2707
1976	2797
1976	2798
1976	2799
1977	2800
1977	2801
1977	2802
1978	2803
1979	2804
1979	2805
1979	2806
1980	412
1981	1501
1982	2807
1983	2808
1983	2809
1983	2810
1983	2811
1984	2812
1984	2813
1984	65
1985	2814
1986	2815
1986	2816
1987	2817
1987	2818
1987	399
1988	2400
1988	2819
1989	2820
1990	2428
1991	1286
1991	1462
1992	2821
1992	2822
1992	2823
1992	2824
1993	2825
1993	2826
1993	2827
1994	2828
1995	2829
1996	2769
1997	1054
1998	2830
1998	2831
1998	2832
1999	2833
1999	2690
2000	2834
2001	2835
2002	2836
2003	2431
2004	2837
2005	66
2006	2838
2007	2839
2007	2840
2007	2841
2008	2842
2009	2843
2009	733
2009	2844
2010	1746
2010	2845
2011	2846
2012	2847
2012	2848
2013	2
2014	2849
2014	2850
2014	2851
2015	395
2016	2852
2017	2347
2018	2853
2018	2854
2019	1397
2020	2855
2021	1638
2021	2856
2022	2857
2023	2858
2023	570
2023	2773
2024	2859
2024	2420
2025	2860
2025	2861
2026	2862
2027	2863
2028	2864
2028	2865
2028	2866
2029	2867
2029	2868
2030	2869
2030	1088
2031	2870
2032	2871
2032	2872
2032	2873
2033	2874
2034	2561
2034	2560
2035	2875
2036	1255
2037	2615
2038	2356
2039	1426
2040	2876
2041	2877
2042	2878
2042	2879
2043	1117
2044	2880
2045	234
2045	2679
2046	297
2047	2881
2047	2882
2048	2235
2049	2883
2049	2884
2049	2885
2050	2886
2051	2887
2051	2888
2052	2889
2053	2450
2054	2890
2054	2763
2054	2891
2055	599
2055	909
2056	1309
2056	2892
2056	1308
2056	2893
2057	2894
2058	2895
2058	507
2058	2896
2058	2897
2059	2100
2059	2102
2060	2898
2061	1245
2062	173
2062	169
2062	168
2063	182
2064	2899
2065	556
2065	2900
2065	557
2065	558
2066	1480
2067	2901
2068	2902
2068	358
2068	2903
2068	2904
2069	277
2070	2905
2071	2906
2071	2907
2072	2908
2072	2909
2073	2910
2074	2911
2075	1070
2076	2912
2077	2529
2078	2913
2078	1099
2079	2620
2080	2914
2080	2054
2081	2915
2082	2916
2082	2917
2082	2412
2083	705
2083	2918
2083	380
2083	2277
2084	2371
2085	2919
2085	2920
2085	2921
2086	2922
2087	886
2088	2923
2089	371
2090	2780
2091	2924
2092	2925
2093	2926
2093	623
2094	2766
2094	2767
2095	2927
2095	2928
2096	1143
2097	1975
2098	810
2099	1937
2100	1727
2101	559
2102	2929
2102	2930
2103	461
2104	2931
2105	2932
2106	248
2106	249
2106	66
2107	709
2107	2933
2108	2934
2109	2935
2109	2936
2109	2937
2109	2938
2110	2939
2110	1041
2111	2940
2111	2941
2111	2942
2112	2093
2112	2943
2113	2944
2114	2945
2115	2548
2115	1378
2115	2946
2115	1079
2115	434
2116	2947
2116	2948
2116	2949
2116	2950
2116	1666
2116	1272
2116	1270
2117	2951
2118	803
2119	465
2119	462
2120	1054
2121	2952
2122	2953
2122	2954
2123	2955
2124	2956
2125	1972
2125	2957
2126	2958
2126	2959
2127	2960
2127	2961
2127	2962
2127	2963
2128	2964
2128	2965
2129	2966
2129	2967
2129	2968
2130	2969
2131	367
2132	2970
2132	1070
2133	2971
2134	161
2135	651
2135	2972
2135	652
2136	2738
2136	2737
2136	2973
2136	2974
2136	2975
2137	2203
2138	2976
2138	153
2138	2977
2138	2978
2139	585
2140	2979
2140	2980
2141	376
2142	2981
2142	2982
2142	2983
2143	363
2144	2984
2145	1501
2146	2985
2146	2986
2146	2987
2146	2988
2146	2989
2147	34
2147	2990
2147	2991
2148	1360
2149	2992
2150	2993
2150	2994
2150	1759
2151	236
2152	2995
2153	2996
2153	2997
2153	2998
2153	2858
2153	2999
2153	3000
2153	168
2153	1666
2154	3001
2155	3002
2156	1718
2156	3003
2157	3004
2158	3005
2158	3006
2159	3007
2159	3008
2159	3009
2160	3010
2161	3011
2162	3012
2162	3013
2163	3014
2163	3015
2163	3016
2163	3017
2163	3018
2164	1143
2165	2617
2166	3019
2167	1677
2168	3020
2168	909
2168	599
2169	3021
2170	3022
2170	3023
2171	1245
2172	3024
2173	3025
2174	3026
2175	3027
2175	3028
2176	3029
2177	3030
2177	523
2177	521
2178	3031
2178	3032
2178	3033
2178	3034
2178	3035
2179	1980
2179	1448
2180	3036
2180	3037
2180	3038
2180	3039
2181	1038
2182	3040
2182	3041
2183	1569
2184	3042
2185	3043
2185	3044
2185	3045
2186	3046
2186	3047
2187	3048
2188	2333
2188	3049
2189	3050
2189	3051
2190	3052
2190	2128
2190	3053
2191	3054
2192	1887
2192	1999
2193	1152
2194	483
2195	321
2195	3055
2196	3056
2196	308
2197	3057
2197	1441
2197	570
2197	890
2197	3058
2198	972
2199	1010
2199	3059
2200	3060
2201	2333
2201	3061
2202	3062
2202	3063
2203	3064
2203	3065
2203	170
2203	358
2204	3066
2204	3067
2204	3068
2205	2095
2206	705
2206	3069
2206	3070
2207	2889
2208	3071
2208	3072
2209	3073
2210	3074
2210	3075
2211	3076
2212	1928
2212	3077
2212	3078
2213	3079
2214	286
2215	3080
2215	3081
2215	3082
2216	3083
2216	3084
2217	3085
2217	3086
2218	1072
2219	3087
2219	2958
2220	3088
2220	483
2220	983
2221	3089
2221	1204
2221	1203
2222	3090
2223	3051
2224	282
2224	285
2225	1940
2226	3091
2226	2046
2227	1195
2228	3092
2229	26
2230	3093
2231	3094
2231	3095
2232	3096
2233	3097
2234	3098
2235	894
2235	3099
2236	556
2237	3100
2238	3101
2239	393
2240	3102
2241	3103
2242	3104
2243	3105
2243	3106
2243	3107
2243	3108
2244	3109
2245	248
2245	249
2246	2005
2246	2006
2247	3110
2247	3111
2248	3112
2249	1255
2250	11
2251	3113
2252	2889
2252	3114
2253	483
2253	3115
2254	1016
2254	1014
2254	3116
2254	1015
2255	2555
2255	2127
2256	1853
2256	1854
2256	3117
2257	3118
2257	3119
2257	3120
2258	3121
2259	3122
2259	3123
2260	2226
2261	1227
2261	137
2261	1475
2262	3124
2262	3125
2263	308
2264	180
2264	598
2265	3126
2266	3127
2266	3128
2266	3129
2267	3002
2268	3130
2268	3131
2269	2300
2269	21
2269	600
2269	22
2269	570
2270	662
2271	3132
2272	3133
2273	3134
2274	329
2275	3135
2276	3136
2276	3137
2276	3138
2276	3139
2277	2648
2277	1845
2277	3140
2278	744
2279	3141
2280	995
2280	2142
2280	3142
2280	2141
2281	3143
2281	3144
2282	3145
2282	3146
2283	3029
2284	1404
2284	294
2284	1405
2285	1036
2286	93
2287	3148
2288	3149
2288	3150
2289	3151
2290	1242
2291	3152
2292	3153
2293	3154
2294	2956
2295	3155
2296	3156
2297	3157
2298	2079
2298	2077
2298	2954
2299	3158
2299	1072
2300	587
2300	3159
2301	976
2302	3160
2303	2428
2304	3161
2305	274
2306	2793
2306	2792
2307	3162
2308	535
2308	3163
2308	3164
2308	3165
2308	3074
2309	3166
2310	3167
2311	3168
2311	3169
2311	3170
2312	3171
2312	3172
2312	3173
2312	3174
2312	3175
2313	782
2314	3176
2315	3177
2315	175
2316	723
2317	3178
2317	2108
2318	3179
2318	3180
2319	3181
2320	1761
2321	702
2322	3182
2322	2083
2322	2084
2322	3183
2323	1533
2324	3184
2324	3185
2324	3186
2324	3187
2325	2630
2325	3188
2326	1255
2327	3189
2327	1153
2328	3190
2328	3191
2328	3192
2329	708
2330	1752
2330	1751
2330	3147
2331	726
2332	3193
2333	3194
2334	3195
2334	2780
2334	1822
2335	308
2336	3196
2336	218
2337	3197
2337	3198
2337	140
2338	3199
2338	2656
2338	791
2338	3200
2338	1248
2339	66
2339	3201
2339	3202
2340	3203
2341	3204
2341	1877
2341	3205
2342	371
2342	3206
2342	3207
2342	3208
2343	3141
2344	3209
2344	3210
2344	3211
2344	3212
2344	3213
2344	3214
2344	3215
2345	3216
2345	3217
2346	3218
2346	849
2346	848
2347	3219
2347	3220
2348	2477
2348	3221
2349	3222
2349	669
2350	698
2351	3223
2351	3224
2352	3225
2353	776
2354	1759
2354	3226
2355	302
2355	3227
2356	3228
2356	3229
2356	3230
2357	234
2358	3231
2359	3232
2359	3233
2359	3234
2360	1821
2360	1822
2360	3235
2361	3236
2361	3237
2361	3238
2361	3239
2361	3240
2361	3241
2362	3242
2363	1810
2364	2151
2364	3243
2365	3244
2366	1088
2367	3245
2368	2058
2368	3246
2369	2468
2369	1300
2370	3247
2370	3248
2371	3141
2372	3249
2373	1563
2374	2470
2375	1545
2375	3250
2376	261
2377	2410
2378	3251
2378	3252
2378	3253
2379	3254
2380	3255
2381	3256
2382	3257
2383	3258
2383	3259
2383	3260
2384	3261
2385	3262
2385	2230
2386	2780
2387	3008
2388	3263
2388	3264
2389	155
2390	3265
2391	1313
2391	1002
2392	759
2393	3266
2393	3267
2393	3268
2394	1673
2395	3269
2396	3270
2396	3271
2397	3272
2398	1204
2398	1203
2398	3273
2399	385
2400	94
2401	3274
2402	3275
2403	3276
2404	1300
2404	342
2405	1733
2405	1731
2405	1732
2405	1730
2405	1734
2406	3235
2406	1822
2407	3232
2408	3277
2408	3278
2408	3279
2409	3280
2409	3281
2409	3282
2410	3283
2410	3284
2411	2998
2411	1537
2411	1536
2411	2858
2411	1247
2412	3285
2413	3286
2414	3287
2414	3288
2415	1570
2415	3289
2416	1822
2416	3235
2417	3290
2418	3291
2418	3292
2419	2750
2420	1797
2420	3029
2421	3293
2422	3294
2422	3295
2423	3296
2423	3297
2423	3298
2424	3299
2425	3300
2426	3301
2426	570
2427	363
2428	3272
2429	1098
2429	3302
2430	3303
2430	3304
2430	3305
2431	883
2432	328
2432	329
2433	3306
2433	3307
2433	3308
2433	3309
2433	3310
2434	3311
2434	3312
2435	3313
2436	1441
2436	3314
2437	3315
2437	3316
2438	3317
2439	3318
2440	1406
2441	2562
2442	3319
2442	1894
2442	2230
2442	3320
2442	3321
2443	3322
2443	3323
2444	521
2444	523
2444	1214
2444	3324
2445	3325
2446	3326
2446	3327
2447	434
2447	3075
2447	282
2447	285
2448	3328
2449	3329
2450	3330
2451	1011
2452	1395
2453	3331
2454	3332
2454	3333
2454	3334
2455	3335
2456	3336
2456	3337
2456	2071
2456	3338
2456	3339
2457	3340
2458	1279
2459	3341
2459	3342
2460	3343
2460	3344
2460	3345
2460	3346
2461	2484
2462	3347
2463	2620
2464	13
2465	3045
2466	36
2467	3348
2468	3349
2469	3350
2470	3256
2470	3351
2471	3352
2471	3353
2472	3354
2472	3355
2473	3356
2473	3357
2473	3358
2473	3359
2474	1395
2474	3360
2474	2729
2474	6
2474	3361
2474	1394
2475	3362
2475	3363
2475	3364
2476	1213
2477	3365
2477	970
2478	3366
2478	2244
2478	3367
2479	509
2480	702
2480	3368
2481	1903
2481	1428
2482	767
2483	3369
2483	3370
2483	3371
2483	1216
2484	3372
2484	3373
2484	3374
2484	3375
2485	3376
2485	673
2485	140
2485	677
2485	3197
2486	3377
2486	3378
2486	3379
2486	3380
2486	3381
2487	922
2487	3382
2488	1052
2489	3383
2489	2071
2489	3384
2489	3385
2490	3386
2491	2658
2491	2657
2492	444
2493	2920
2493	762
2494	3387
2495	3388
2496	2512
2496	151
2497	3389
2498	3281
2498	3282
2499	3390
2500	3391
2500	2196
2500	3392
2501	3393
2501	3394
2501	3395
2501	3396
2501	3397
2502	3398
2502	2171
2503	3399
2504	3400
2505	342
2506	3401
2506	3402
2507	3403
2507	3404
2508	1427
2509	3405
2509	2277
2509	3164
2510	3406
2511	3407
2511	3408
2511	582
2511	3409
2512	1287
2512	3410
2512	3411
2512	3412
2513	39
2513	1992
2513	1993
2514	3413
2515	2498
2516	2143
2517	3414
2518	3415
2518	3416
2519	3417
2519	1225
2519	3418
2520	1973
2521	95
2522	3419
2522	3420
2523	3421
2523	3422
2523	3423
2523	3424
2524	3425
2525	3426
2526	196
2526	194
2527	56
2528	91
2529	3427
2529	3428
2530	3429
2530	963
2531	3430
2532	1020
2533	1227
2533	3431
2533	137
2534	3432
2535	3433
2536	3254
2537	3434
2537	3435
2538	3436
2538	748
2538	3437
2538	3438
2539	3439
2539	1691
2540	3440
2540	3441
2541	3442
2541	91
2542	3443
2542	3444
2543	3445
2544	3446
2545	3447
2545	3448
2546	329
2546	328
2547	177
2547	175
2548	490
2548	1666
2548	922
2549	3449
2549	557
2549	1080
2550	807
2551	3450
2552	1428
2553	3451
2553	3452
2554	3453
2555	3454
2555	3455
2555	3097
2556	560
2557	3456
2557	1310
2557	2788
2557	3457
2557	1166
2557	3458
2558	491
2558	2267
2559	3459
2559	3460
2559	3461
2559	3462
2560	1613
2561	3463
2561	3464
2562	705
2563	955
2563	3465
2564	1072
2565	2725
2566	3466
2567	1613
2568	2192
2569	702
2570	3467
2570	3468
2571	3469
2572	3470
2573	3471
2574	315
2575	3472
2575	1076
2575	3473
2575	3301
2576	969
2576	968
2577	3474
2577	3475
2578	3476
2578	2127
2579	3477
2580	3478
2580	3479
2581	3480
2582	1309
2582	1308
2582	3481
2583	3482
2583	21
2584	3483
2584	3484
2585	3485
2585	3486
2586	3487
2587	3488
2587	3489
2588	509
2588	3490
2589	3491
2590	3492
2590	3493
2590	3494
2590	3313
2590	3495
2590	3496
2590	3497
2590	3498
2590	3499
2590	3500
2591	3501
2591	381
2592	3502
2592	3503
2592	3504
2593	1888
2593	1889
2594	3505
2595	3506
2595	3507
2596	3508
2597	3509
2597	453
2597	3510
2598	3511
2598	1618
2599	498
2600	3512
2601	3513
2601	3514
2601	3427
2602	3515
2602	329
2602	3516
2603	1518
2603	1080
2603	3517
2604	2557
2604	1061
2605	1544
2606	3518
2606	358
2607	1
2608	3519
2608	3520
2609	3521
2609	3522
2610	3523
2611	3070
2611	3089
2611	3524
2612	2685
2613	1986
2614	3525
2614	3526
2614	3527
2614	1353
2615	3528
2615	3529
2616	1695
2616	1697
2616	1694
2616	1696
2616	1698
2617	236
2618	1
2619	2329
2620	2172
2620	3530
2621	3531
2622	3532
2623	118
2624	3533
2625	3534
2625	3535
2626	1882
2627	907
2627	3536
2628	3055
2629	3537
2630	3538
2631	3539
2631	1752
2631	1751
2632	1835
2633	3540
2633	3541
2633	3542
2634	3543
2634	3027
2634	3544
2634	3545
2635	1022
2636	3546
2636	3547
2637	3548
2637	3549
2637	3550
2637	3551
2638	3552
2638	3553
2639	3554
2640	3555
2641	3556
2642	3227
2642	302
2643	2144
2644	3557
2644	2014
2645	1562
2645	3558
2646	3559
2646	3560
2646	3561
2646	3562
2647	3563
2648	3564
2649	400
2649	3136
2649	3565
2649	3566
2650	3567
2651	3568
2652	1885
2652	3057
2652	890
2653	3569
2654	3570
2654	3571
2655	3572
2655	3573
2656	3299
2656	1465
2656	607
2656	3574
2657	3575
2657	3576
2657	1249
2657	3577
2658	3578
2658	3579
2659	906
2659	3580
2659	1227
2660	3484
2660	1025
2661	3498
2661	3100
2662	82
2662	3581
2663	3582
2663	3583
2663	1166
2664	3584
2664	3585
2664	802
2664	3586
2665	3587
2665	3588
2665	3589
2665	3590
2666	3591
2666	3592
2667	1805
2668	292
2668	3593
2668	291
2669	3594
2670	1066
2671	2220
2672	792
2673	3595
2673	3596
2674	3019
2675	3597
2675	3598
2676	66
2676	358
2676	1099
2677	403
2678	835
2679	3599
2679	3600
2679	3601
2680	3602
2680	2535
2680	2536
2681	34
2682	1613
2683	3603
2683	3057
2683	2451
2683	890
2683	3604
2683	3605
2684	3606
2684	3607
2684	3608
2685	3609
2685	3610
2686	3611
2687	1312
2688	13
2689	3612
2689	3613
2689	3614
2689	3615
2690	3616
2691	3617
2692	3618
2692	3619
2692	3620
2692	3621
2692	3622
2693	370
2694	39
2694	3623
2695	3624
2695	3625
2696	1088
2696	3626
2697	3627
2698	3628
2699	50
2699	302
2700	3629
2700	3630
2701	514
2702	3631
2703	3349
2704	3632
2705	3633
2706	3634
2707	3282
2707	301
2707	3281
2708	140
2708	3635
2709	3636
2709	3637
2709	3638
2709	3639
2710	380
2711	1577
2712	3640
2713	1819
2714	3641
2714	3479
2715	3413
2716	2384
2717	3642
2717	2476
2718	1496
2718	3643
2718	3644
2718	3645
2719	2657
2720	2333
2721	2272
2721	2802
2722	3646
2722	1982
2722	3647
2723	3648
2724	1066
2724	2391
2725	297
2726	3649
2726	2964
2727	834
2727	182
2728	404
2728	2267
2728	170
2729	3650
2729	3151
2730	3651
2731	3652
2732	626
2732	1519
2733	3653
2733	1884
2733	3654
2733	39
2733	1883
2734	3655
2735	3656
2736	36
2737	1541
2737	3657
2738	3658
2738	3659
2739	1156
2740	845
2741	3660
2741	1701
2741	1702
2742	3661
2742	3662
2743	3663
2743	3664
2744	3665
2745	3666
2745	3561
2745	3075
2746	3667
2746	3668
2746	3669
2746	3670
2746	3671
2746	1824
2747	93
2748	3672
2749	745
2749	3673
2750	2155
2751	3674
2751	3116
2752	3675
2753	909
2753	599
2754	3676
2755	469
2756	3677
2756	3678
2757	3672
2757	3679
2758	3680
2759	1272
2759	1270
2760	1564
2760	3681
2761	3682
2761	523
2762	3683
2762	3684
2763	3685
2764	3686
2764	3687
2765	808
2765	809
2766	2144
2767	652
2768	3688
2768	3689
2769	3690
2769	3691
2769	678
2769	676
2770	56
2771	3692
2771	189
2771	191
2772	3693
2772	3694
2772	3695
2772	3696
2772	3697
2773	3698
2773	3699
2773	2192
2774	3700
2774	3701
2774	1854
2775	3101
2776	3702
2776	3703
2776	40
2777	161
2777	3704
2778	3705
2778	3706
2779	3707
2779	3708
2779	3709
2779	3710
2779	3711
2780	3712
2780	2451
2780	3072
2781	3713
2782	2450
2783	3714
2784	3715
2784	1966
2785	1143
2786	93
2787	2737
2788	3716
2789	3717
2789	3718
2790	994
2791	3719
2792	126
2792	125
2793	3720
2793	3721
2794	3722
2795	992
2795	2582
2796	308
2797	3723
2797	3724
2797	3725
2798	3726
2798	3727
2799	150
2800	150
2801	2380
2801	3728
2802	861
2803	3729
2803	3730
2803	3731
2803	477
2803	3732
2804	3733
2804	3734
2805	778
2806	964
2806	3735
2807	1106
2807	246
2807	3736
2807	247
2808	3164
2808	3737
2808	175
2808	3738
2809	793
2809	3739
2809	1394
2810	363
2811	3740
2812	1251
2813	3741
2813	1320
2813	3742
2813	605
2814	2226
2815	1903
2816	6
2816	7
2816	5
2817	3743
2817	3744
2818	1406
2819	3745
2820	3746
2821	2620
2822	3747
2823	764
2824	363
2824	3748
2825	755
2825	3749
2826	3750
2827	3751
2827	2406
2827	2407
2828	3752
2829	1307
2829	3753
2830	3754
2830	3755
2831	3756
2831	3757
2831	158
2831	105
2832	3758
2833	3759
2834	2374
2835	579
2835	3760
2835	3761
2835	3762
2835	3763
2836	2494
2836	111
2837	1556
2837	1557
2838	3162
2839	3764
2839	3765
2840	3766
2841	558
2841	556
2841	557
2842	3767
2842	3768
2842	2779
2843	3769
2844	1603
2845	1351
2845	3770
2846	3771
2846	651
2846	3772
2846	652
2847	1266
2848	3773
2849	3774
2849	1166
2850	2661
2851	3775
2852	3776
2852	605
2852	3777
2853	274
2854	3778
2854	1059
2855	3779
2855	3780
2855	3781
2856	555
2857	3782
2857	3783
2857	3784
2858	248
2858	249
2859	1854
2860	3785
2860	1473
2861	2230
2861	435
2862	793
2862	3786
2862	3787
2862	3788
2863	3681
2863	3789
2864	821
2865	664
2865	2082
2865	2080
2866	3790
2866	3791
2867	407
2868	1
2868	3792
2869	3149
2870	3793
2870	3794
2871	3795
2872	3796
2873	2041
2874	3797
2874	271
2874	1297
2874	1295
2875	1398
2876	3798
2876	3799
2877	3800
2877	3801
2877	3802
2878	2108
2879	2598
2880	3803
2880	3804
2880	3805
2880	3806
2881	3807
2881	3808
2881	3809
2882	3810
2882	3811
2882	3812
2882	3813
2883	3814
2883	3815
2883	3816
2883	2529
2884	3817
2884	3395
2884	3818
2885	3819
2885	3820
2886	3821
2887	64
2887	3822
2888	3823
2889	3824
2890	3825
2890	3361
2890	3826
2891	3825
2891	3361
2891	3827
2892	3828
2892	3829
2893	3830
2893	1824
2893	3831
2893	3832
2893	3668
2893	3833
2894	3640
2895	3834
2895	3835
2896	404
2896	3836
2897	2196
2897	3837
2897	791
2897	3838
2897	2079
2898	1257
2899	3839
2900	3840
2900	3841
2901	3842
2901	482
2901	3843
2902	3844
2903	3845
2903	3844
2904	419
2904	3846
2905	1565
2905	3847
2906	131
2907	3848
2907	3849
2908	3850
2909	3851
2910	3852
2911	2035
2912	1545
2912	3853
2913	3854
2914	2249
2915	168
2915	3855
2915	181
2915	879
2915	180
2916	982
2917	684
2917	3856
2917	3857
2917	442
2918	3858
2918	1961
2918	419
2918	1151
2919	3859
2920	2763
2921	678
2921	42
2921	3860
2921	3669
2921	676
2922	3861
2922	3862
2922	3863
2923	3864
2924	3865
2924	3866
2925	3867
2925	3868
2925	2192
2925	3869
2926	2591
2926	3870
2926	2589
2927	1293
2928	3871
2928	3872
2928	3816
2928	2225
2929	3873
2929	1548
2930	3874
2931	3875
2931	3876
2931	3877
2931	371
2932	3878
2932	3879
2933	3880
2933	2237
2934	1516
2934	1517
2935	3881
2935	3882
2935	3883
2935	3884
2935	3885
2935	3886
2935	3887
2936	3888
2937	2945
2938	3889
2938	2566
2938	3890
2939	3891
2940	759
2940	3892
2941	1459
2941	1457
2941	1458
2942	1702
2943	2511
2943	151
2943	2512
2944	363
2945	3893
2946	3894
2947	687
2948	3895
2949	2705
2949	3896
2949	3897
2949	3898
2950	3899
2951	3580
2951	845
2951	3660
2952	2027
2953	813
2953	3677
2954	56
2955	3900
2956	1103
2956	774
2957	153
2958	3901
2959	3902
2960	515
2961	2692
2961	3164
2962	1152
2962	1948
2963	3903
2964	3904
2964	2267
2964	3905
2964	491
2964	2126
2964	3906
2965	3907
2966	3908
2967	3909
2968	702
2969	3910
2969	3911
2969	3912
2970	390
2971	204
2972	1385
2973	3913
2973	3515
2973	328
2973	329
2974	3914
2974	3915
2975	3916
2975	3691
2976	19
2977	702
2978	1871
2979	3418
2979	3917
2980	521
2980	1050
2981	118
2982	3918
2982	3919
2982	3920
2983	3921
2984	2724
2984	2477
2985	3922
2985	2472
2985	2196
2986	3311
2986	3923
2987	3924
2987	1949
2988	3925
2988	3926
2989	696
2990	598
2991	403
2992	3927
2992	3928
2992	3929
2992	3930
2993	3931
2994	2687
2994	3932
2994	3933
2994	2878
2995	3934
2995	1683
2995	3935
2996	3936
2996	3723
2996	3937
2996	1277
2996	2393
2996	3938
2996	2392
2997	1810
2998	3254
2999	3939
3000	555
3001	1112
3002	106
3003	675
3003	3691
3003	676
3003	502
3003	678
3004	3940
3004	3941
3005	195
3005	287
3006	3942
3007	3943
3007	140
3008	1940
3008	3944
3008	660
3009	3945
3010	1519
3011	2147
3011	3946
3012	3947
3013	859
3014	1628
3014	1233
3015	3948
3016	1018
3017	1136
3018	3949
3018	3950
3018	3951
3019	3285
3020	3029
3020	3952
3021	3953
3021	3954
3022	794
3022	793
3022	1990
3023	3955
3024	741
3025	3956
3025	3957
3026	3958
3026	970
3027	2
3028	2048
3029	3959
3029	3960
3030	3961
3030	3962
3030	3963
3031	3964
3032	3965
3033	3966
3034	3967
3034	3968
3035	3969
3035	1197
3035	358
3036	3970
3037	669
3037	3971
3037	3972
3038	3973
3039	2250
3040	698
3041	3974
3041	3975
3042	3976
3042	2094
3042	3977
3042	3978
3043	3979
3043	3980
3043	402
3044	3981
3045	3982
3045	3983
3046	3984
3046	137
3047	2057
3048	1242
3048	771
3049	3985
3049	994
3050	247
3050	1106
3050	246
3051	3986
3051	3987
3052	3988
3052	1727
3053	1245
3054	3989
3054	3990
3055	3517
3055	3991
3056	1999
3057	3479
3058	3992
3059	3931
3060	999
3061	1887
3062	1853
3063	3993
3063	273
3064	3994
3065	3995
3066	1309
3066	3996
3067	3800
3067	3997
3067	3998
3067	3999
3067	4000
3068	3299
3068	291
3069	4001
3070	3075
3070	4002
3071	4003
3072	4004
3073	4005
3073	4006
3073	4007
3074	3299
3075	2562
3076	1702
3076	4008
3077	1
3077	4009
3078	4010
3078	4011
3078	1970
3078	845
3079	4012
3080	1191
3081	4013
3082	4014
3082	4015
3082	3998
3082	4016
3082	4017
3082	3674
3083	3870
3083	2589
3083	2591
3084	4018
3084	4019
3085	182
3086	4020
3087	4021
3087	4022
3088	1080
3088	605
3088	4023
3089	4024
3089	4025
3089	4026
3090	4027
3091	4028
3092	4029
3093	4030
3093	4031
3093	2079
3094	4009
3094	4032
3095	1442
3095	4033
3095	4034
3095	4035
3096	528
3097	1541
3097	4036
3097	728
3098	4037
3098	4038
3099	1804
3099	4039
3099	4040
3100	4041
3100	3259
3101	585
3102	2116
3103	50
3103	4042
3103	4043
3103	302
3103	301
3103	638
3104	4044
3104	1448
3104	4045
3105	4046
3105	1201
3106	3048
3107	4047
3108	277
3109	2371
3110	4048
3110	4049
3111	764
3112	4050
3113	4051
3114	3664
3114	2321
3114	4052
3115	4053
3116	682
3116	680
3117	600
3117	21
3117	22
3118	4054
3118	4055
3119	774
3120	3704
3121	182
3121	4056
3122	4057
3123	4058
3124	2716
3125	509
3126	83
3127	1407
3127	1759
3128	4059
3128	4060
3129	3435
3130	4061
3131	4062
3132	4063
3132	2967
3132	4064
3132	4065
3133	4066
3134	4067
3135	1190
3136	4068
3137	4069
3137	4070
3138	3075
3138	4071
3139	4072
3140	4073
3141	4074
3141	4075
3141	4076
3141	4077
3142	1831
3143	4078
3144	1578
3144	1638
3145	2451
3146	4079
3147	4080
3147	4081
3147	4082
3147	4083
3147	4084
3147	4085
3148	4086
3148	4087
3148	4088
3148	4089
3148	4090
3149	2983
3149	1051
3150	3815
3151	4091
3152	4092
3152	4093
3153	2725
3154	337
3154	4094
3155	4095
3155	4096
3156	4097
3157	4098
3158	4099
3159	4100
3160	4101
3160	3414
3161	4102
3161	4103
3161	4104
3161	4105
3162	4106
3163	4011
3163	1970
3164	1805
3165	4107
3165	803
3166	4108
3167	4109
3167	4110
3168	4111
3169	2348
3170	3417
3171	4112
3172	3029
3172	3952
3173	1970
3174	4113
3175	955
3176	4114
3176	4115
3177	4116
3177	4117
3177	4118
3177	4119
3178	150
3179	2428
3179	4120
3180	4121
3181	4122
3181	4123
3182	3748
3183	4124
3184	995
3184	4125
3184	384
3185	4126
3186	4127
3187	4128
3187	1894
3187	91
3188	4129
3188	548
3188	4130
3189	297
3190	2
3191	116
3191	115
3192	66
3193	4131
3193	4132
3193	4133
3193	4134
3194	4135
3194	4136
3195	4137
3196	2689
3197	4138
3197	4139
3197	4140
3197	4141
3197	4142
3198	4143
3198	4144
3199	2620
3199	19
3200	2468
3200	4145
3201	4146
3201	4128
3201	1778
3202	721
3203	4079
3204	4147
3204	3686
3205	4148
3206	835
3207	4149
3207	4150
3208	4151
3208	1088
3208	2575
3208	1087
3209	2057
3210	4152
3210	568
3210	2614
3210	3273
3210	2265
3211	1759
3212	2889
3213	1257
3214	1059
3214	4153
3215	3938
3215	4154
3215	3936
3215	4155
3215	656
3215	4156
3215	3510
3216	1276
3216	4157
3217	4158
3218	4159
3219	4160
3220	2559
3221	257
3221	4161
3221	4162
3221	4163
3222	4164
3222	4165
3222	3537
3223	4166
3224	1066
3225	4167
3225	4168
3225	1261
3226	517
3227	4169
3228	4170
3229	4171
3230	3665
3231	4172
3231	4173
3231	4174
3232	4175
3232	4176
3233	3029
3233	3952
3234	4177
3235	4178
3236	297
3237	2639
3237	4179
3238	865
3239	4180
3239	4181
3239	4182
3240	2150
3241	4183
3242	1052
3242	4184
3242	419
3243	4185
3243	521
3243	4186
3243	523
3244	4187
3244	4188
3244	4189
3245	3300
3245	4190
3245	4191
3245	4192
3245	4193
3245	101
3246	4194
3247	2109
3247	4195
3248	4196
3248	1433
3249	4197
3249	3002
3250	4198
3250	4199
3251	3349
3252	4200
3252	4201
3252	4202
3252	3862
3252	3863
3252	4203
3253	4204
3253	4205
3254	4206
3255	4207
3255	2578
3255	4208
3256	4209
3256	4210
3256	4211
3257	483
3258	4212
3258	4213
3258	4214
3259	4215
3259	4216
3260	188
3260	4217
3260	4099
3261	2766
3261	2767
3262	4218
3262	582
3263	608
3264	4219
3265	4220
3265	4221
3266	564
3267	4222
3267	4223
3267	4224
3267	4225
3267	4226
3267	4227
3268	4228
3268	4229
3269	4230
3270	277
3271	1609
3271	4231
3272	4232
3272	4233
3273	4234
3273	4235
3273	4236
3273	4237
3273	4238
3273	4239
3274	4240
3275	4241
3276	4242
3277	10
3277	4243
3278	2808
3279	652
3280	1762
3281	4244
3282	56
3283	970
3284	4245
3284	4246
3285	4247
3285	4248
3286	4249
3287	4250
3287	4251
3288	1865
3288	4252
3289	4253
3290	4254
3291	4255
3291	1562
3292	4256
3293	1718
3294	4257
3295	4258
3296	4259
3297	4260
3297	4261
3298	958
3298	957
3299	4262
3300	4263
3300	4264
3300	4265
3301	4266
3302	1810
3303	4267
3303	4268
3303	3155
3303	1310
3304	4269
3304	4270
3305	514
3306	4271
3307	4272
3307	4273
3307	4274
3307	4275
3308	4276
3308	2909
3309	4277
3309	3100
3310	4278
3310	4279
3311	4280
3312	116
3312	115
3313	4281
3313	3256
3314	4282
3315	2811
3315	4283
3315	2809
3316	4284
3316	259
3316	4285
3317	1642
3318	2814
3319	3564
3319	4286
3319	3776
3320	1079
3320	3913
3320	4287
3320	4288
3320	4289
3320	4290
3321	423
3321	4291
3322	4292
3323	4293
3323	4294
3324	54
3325	483
3326	4295
3327	1746
3328	34
3328	2990
3328	2991
3329	1580
3329	4296
3329	4297
3330	4298
3330	1395
3331	891
3331	4299
3331	4300
3331	4301
3331	1466
3331	4302
3332	886
3333	4303
3333	4304
3333	1433
3333	845
3334	1465
3334	1088
3335	727
3335	1850
3335	1448
3336	1395
3336	4305
3337	4306
3338	4307
3338	4308
3339	3103
3340	2614
3340	2265
3340	4309
3341	4310
3342	2725
3343	834
3344	4311
3345	4312
3345	4313
3346	2269
3347	3125
3348	4314
3349	957
3349	958
3350	4315
3351	1050
3351	4316
3351	521
3352	4317
3352	4318
3352	4319
3353	4320
3353	204
3354	1462
3354	4305
3354	2773
3355	4321
3356	4322
3356	4058
3357	1562
3358	4323
3358	4324
3358	4325
3359	4326
3359	4327
3360	4328
3360	3071
3360	4329
3360	3991
3361	4330
3361	1853
3361	253
3362	4331
3363	4332
3363	3282
3364	4333
3364	4334
3365	4335
3365	4336
3366	4337
3367	4338
3368	4339
3368	4340
3368	4341
3368	4342
3368	4343
3369	4344
3369	1059
3370	4345
3371	4346
3372	4347
3373	4348
3373	4349
3373	4350
3373	4351
3373	3473
3373	3472
3374	94
3374	4068
3375	4352
3375	2549
3376	4353
3376	4354
3377	4355
3378	4356
3378	4357
3379	4358
3380	894
3380	4359
3380	651
3380	2126
3381	104
3382	3531
3382	4360
3383	1245
3383	3505
3384	4361
3384	4362
3384	4363
3385	1545
3386	976
3387	4364
3388	4365
3389	3387
3390	4366
3391	4367
3392	4368
3392	4369
3393	3424
3393	4370
3393	3691
3393	4371
3394	4372
3395	888
3395	3232
3395	4319
3395	4373
3396	4374
3396	4375
3397	4376
3398	4377
3398	4378
3399	1810
3400	1887
3401	4379
3401	4380
3402	1853
3402	4381
3403	1986
3404	1462
3404	4382
3404	4186
3405	2856
3405	2225
3405	4383
3406	4384
3407	4385
3408	1269
3408	4386
3409	841
3409	840
3409	4387
3409	839
3410	3561
3411	4388
3412	4389
3413	4390
3413	3149
3413	4391
3414	4392
3415	4393
3416	4394
3416	4395
3417	1347
3417	1349
3417	1348
3418	2148
3418	3704
3419	1702
3420	4396
3421	4397
3421	350
3421	4398
3422	4399
3423	4400
3424	4401
3425	1746
3426	297
3427	4402
3428	4403
3429	855
3430	4404
3431	3141
3432	976
3433	2649
3434	2958
3435	1360
3436	2468
3436	845
3436	342
3437	1036
3437	4405
3438	3837
3439	1686
3440	914
3440	4406
3440	4407
3440	4408
3441	3097
3442	3361
3443	4409
3444	2094
3444	3361
3444	3825
3445	402
3445	1303
3446	4410
3447	4411
3448	1177
3449	66
3449	3201
3449	2268
3449	4412
3450	1686
3451	1385
3452	1446
3453	1955
3454	4413
3454	4414
3455	4415
3456	291
3456	880
3456	292
3457	1815
3458	4416
3459	4417
3459	616
3460	1545
3461	4418
3461	4419
3462	1022
3462	93
3463	3580
3463	874
3463	4420
3464	1564
3464	3681
3465	1163
3466	4421
3467	4422
3468	744
3469	4423
3469	3493
3469	4424
3469	1760
3469	4425
3469	4426
3469	4427
3469	4428
3469	4429
3470	2470
3471	4430
3471	4431
3471	4432
3471	4433
3471	4434
3472	4435
3473	4436
3474	1767
3474	1768
3474	1766
3475	4437
3476	4438
3476	4439
3477	796
3478	464
3478	2021
3478	4440
3479	3065
3479	4441
3479	3064
3479	4442
3480	2049
3481	4443
3481	4444
3482	4445
3483	4446
3483	4447
3483	4448
3483	328
3483	4449
3484	4450
3484	4451
3485	3580
3485	4452
3486	4453
3487	4313
3487	2549
3488	4454
3489	1143
3490	3279
3490	3278
3490	4455
3491	4456
3491	4457
3491	4458
